
%
% Definition of training input samples for colorado data set.
%
% $Id: trn_inp.m,v 1.1 1997/09/27 18:57:13 jak Exp $
%

colorado_train_input = [
  26, 13, 26,  1, 26,  0,184;
  26, 12,127,  1, 26,  0,184;
   8, 12, 26,  1, 26,  0,184;
   8, 12, 26,  1, 26,  0,184;
   8, 12, 26,  1, 26,  0,184;
   8, 11, 26,  1, 26,  0,184;
   8, 11,127,  0, 26,  0,184;
  26, 12,127,  0, 26,  0,184;
   8, 11,127,  1, 26,  0,184;
  26, 13, 26,  1, 26,  0,184;
  26, 12, 26,  2, 26,  0,184;
  26, 12, 26,  1, 26,  0,184;
  26, 13,127,  2, 26,  0,184;
  26, 12,127,  1, 26,  0,184;
  26, 12,127,  1, 26,  0,184;
  26, 12,127,  0, 26,  0,184;
  26, 12,127,  1, 26,  0,184;
  26, 12, 26,  0, 26,  0,184;
  26, 12, 26,  0, 26,  0,184;
  26, 26, 26,  1, 26,  0,184;
   8, 11,127,  0, 26,  0,184;
  26, 12, 26,  0, 26,  0,184;
   8, 12,127,  0, 26,  0,184;
  26, 12,127,  0, 26,  0,184;
  26, 12,127,  1, 26,  0,184;
  26, 12,127,  1, 26,  0,184;
  26, 12,127,  1, 26,  0,184;
  26, 12,127,  2, 26,  0,184;
  26, 13, 26,  1, 26,  0,184;
  26, 13,  9,  1, 26,  0,184;
  26, 12, 26,  1, 26,  0,184;
  26, 12, 26,  0, 26,  0,184;
  26, 26, 26,  1, 26,  0,184;
  26, 12,127,  0, 26,  0,184;
  26, 12,127,  0, 26,  0,184;
  26, 12,127,  0, 26,  0,184;
  26, 12, 26,  1, 26,  0,184;
  26, 12,127,  1, 26,  0,184;
  19, 11, 26,  1, 26,  0,184;
  26, 12, 26,  1, 26,  0,184;
  26, 12, 26,  1, 26,  0,184;
  26, 11,127,  1, 26,  0,184;
  26, 12, 26,  0, 26,  0,184;
  26, 11, 26,  1, 26,  0,184;
  26, 12,  9,  2, 26,  0,184;
  26, 12, 26,  1, 26,  0,184;
  26, 11,  9,  1, 26,  0,184;
  26, 12,  9,  1, 26,  0,184;
  26, 13,127,  1, 26,  0,184;
  26, 11,127,  1, 26,  0,184;
  26, 12, 26,  1, 26,  0,184;
  26, 11, 26,  2, 26,  0,184;
  26, 11, 26,  1, 26,  0,184;
  26, 11, 26,  2, 26,  0,184;
  26, 11,  9,  1, 26,  0,184;
  26, 12, 26,  1, 26,  0,184;
  26, 12, 26,  1, 26,  0,184;
  26, 11, 26,  1, 26,  0,184;
  26, 11,  9,  0, 26,  0,184;
  26, 14, 26,  1, 26,  0,184;
  26, 13,127,  1, 26,  0,184;
  26, 12, 26,  1, 26,  0,184;
  26, 13,127,  2, 26,  0,184;
  26, 12, 26,  1, 26,  0,184;
  26, 12, 26,  1, 26,  0,184;
  26, 12, 26,  2, 26,  0,184;
  26, 12, 26,  1, 26,  0,184;
  26, 11, 26,  2, 26,  0,184;
  19, 11, 26,  1, 26,  0,184;
  26, 11,  9,  1, 26,  0,184;
  26, 11, 26,  1, 26,  0,184;
  26, 11, 26,  2, 26,  0,184;
   8, 11,127,  0, 26,  0,184;
   8, 12,127,  0, 26,  0,184;
  26, 12,127,  0, 26,  0,184;
  26, 11,127,  0, 26,  0,184;
   8, 11, 26,  1, 26,  0,184;
  26, 11,127,  1, 26,  0,184;
  26, 12, 26,  1, 26,  0,184;
  26, 12,127,  1, 26,  0,184;
  19, 12,  9,  1, 26,  0,184;
  19, 12, 26,  2, 26,  0,184;
  19, 12, 26,  2, 26,  0,184;
  26, 12, 26,  1, 26,  0,184;
  26, 26, 26,  1, 26,  0,184;
  26, 12, 26,  1, 26,  0,184;
  26, 26,127,  0, 26,  0,184;
  26, 26,127,  1, 26,  0,184;
  26, 26,127,  1, 26,  0,184;
  26, 26,127,  1, 26,  0,184;
  26, 11, 26,  0, 26,  0,184;
  26, 26, 26,  1, 26,  0,184;
  26, 11,127,  1, 26,  0,184;
  26, 12,127,  0, 26,  0,184;
  26, 11,127,  1, 26,  0,184;
  26, 11, 26,  0, 26,  0,184;
  26, 12, 26,  1, 26,  0,184;
  26, 12, 26,  1, 26,  0,184;
  26, 12, 26,  1, 26,  0,184;
  26, 12,  9,  1, 26,  0,184;
  26, 12,  9,  1, 26,  0,184;
  26, 26,127,  1, 26,  0,184;
  26, 26, 26,  0, 26,  0,184;
  26, 26,127,  0, 26,  0,184;
  26, 12, 26,  1, 26,  0,184;
  26, 12,  9,  0, 26,  0,184;
  26, 26, 26,  1, 26,  0,184;
  26, 12, 26,  1, 26,  0,184;
  26, 14, 26,  1, 26,  0,184;
  26, 12, 26,  1, 26,  0,184;
  19, 12, 26,  0, 26,  0,184;
  19, 11,  9,  1, 26,  0,184;
  19, 11, 26,  1, 26,  0,184;
  26, 12, 26,  1, 26,  0,184;
  26, 12,  9,  1, 26,  0,184;
  26, 12, 26,  1, 26,  0,184;
  26, 12,  9,  1, 26,  0,184;
  26, 11,  9,  2, 26,  0,184;
  26, 12,  9,  1, 26,  0,184;
  26, 12,  9,  1, 26,  0,184;
  26, 11, 26,  1, 26,  0,184;
  26, 11, 26,  1, 26,  0,184;
  19, 11,  9,  1, 26,  0,184;
  19, 12, 26,  1, 26,  0,184;
  19, 11, 26,  0, 26,  0,184;
  19, 12,  9,  1, 26,  0,184;
  19, 11,  9,  1, 26,  0,184;
  19, 11, 26,  0, 26,  0,184;
  19, 11, 26,  0, 26,  0,184;
  19, 11,  9,  1, 26,  0,184;
  19, 11,  9,  0, 26,  0,184;
  26, 11,  9,  1, 26,  0,184;
  26, 13, 26,  2, 26,  0,184;
  26, 12, 26,  1, 26,  0,184;
  26, 12, 26,  2, 26,  0,184;
  19, 12, 26,  1, 26,  0,184;
  19, 11,  9,  1, 26,  0,184;
  19, 11,  9,  1, 26,  0,184;
  19, 11,  9,  2, 26,  0,184;
  26, 11, 26,  2, 26,  0,184;
  26, 11,  9,  1, 26,  0,184;
  19, 11,  9,  1, 26,  0,184;
  26, 12,  9,  1, 26,  0,184;
  19, 12,  9,  1, 26,  0,184;
  26, 11, 26,  0, 26,  0,184;
  26, 13,127,  0, 26,  0,184;
   8, 11,127,  1, 26,  0,184;
   8, 11,127,  1, 26,  0,184;
  19, 12, 26,  1, 26,  0,184;
  26, 12, 26,  1, 26,  0,184;
  19, 12, 26,  1, 26,  0,184;
  26, 12, 26,  1, 26,  0,184;
  19, 12, 26,  1, 26,  0,184;
  19, 12,  9,  1, 26,  0,184;
  26, 12,  9,  1, 26,  0,184;
  19, 11,  9,  1, 26,  0,184;
  26, 12,127,  1, 26,  0,184;
  26, 12, 26,  0, 26,  0,184;
  26, 26,127,  0, 26,  0,184;
  26, 11,127,  0, 26,  0,184;
  26, 11,127,  0, 26,  0,184;
  26, 11,127,  0, 26,  0,184;
  26, 11,127,  0, 26,  0,184;
  26, 11, 26,  0, 26,  0,184;
  26, 11, 26,  0, 26,  0,184;
  26, 26, 26,  0, 26,  0,184;
  26, 12,  9,  1, 26,  0,184;
  26, 12,  9,  1, 26,  0,184;
  26, 12, 26,  1, 26,  0,184;
  26, 12,  9,  1, 26,  0,184;
  26, 12,  9,  1, 26,  0,184;
  26, 12,127,  1, 26,  0,184;
  26, 12, 26,  1, 26,  0,184;
  26, 26,127,  1, 26,  0,184;
  26, 26,127,  0, 26,  0,184;
  26, 26, 26,  1, 26,  0,184;
  26, 26,127,  0, 26,  0,184;
  26, 26, 26,  0, 26,  0,184;
  26, 11, 26,  1, 26,  0,184;
  26, 11, 26,  0, 26,  0,184;
  19, 11, 26,  1, 26,  0,184;
  26, 12, 26,  0, 26,  0,184;
  26, 12,  9,  1, 26,  0,184;
  26, 12,  9,  1, 26,  0,184;
  26, 12,  9,  1, 26,  0,184;
  26, 12,  9,  1, 26,  0,184;
  26, 11,  9,  1, 26,  0,184;
  26, 12,  9,  1, 26,  0,184;
  26, 12, 26,  1, 26,  0,184;
  26, 12, 26,  1, 26,  0,184;
  26, 12, 26,  1, 26,  0,184;
  26, 26, 26,  0, 26,  0,184;
  26, 11, 26,  1, 26,  0,184;
  19, 11,  9,  1, 26,  0,184;
  26, 12, 26,  1, 26,  0,184;
  26, 12, 26,  1, 26,  0,184;
  26, 12, 26,  0, 26,  0,184;
  19, 12, 26,  1, 26,  0,184;
  19, 12, 26,  0, 26,  0,184;
  26, 11,  9,  1, 26,  0,184;
  26, 12, 26,  1, 26,  0,184;
  26, 12,  9,  1, 26,  0,184;
  26, 11,  9,  1, 26,  0,184;
  26, 11,  9,  1, 26,  0,184;
  26, 13, 26,  1, 26,  0,184;
  19, 11,  9,  1, 26,  0,184;
  19, 11,  9,  1, 26,  0,184;
  26, 11, 26,  1, 26,  0,184;
  26, 11,  9,  1, 26,  0,184;
  19, 11,  9,  1, 26,  0,184;
  19, 11, 26,  1, 26,  0,184;
  19, 11, 26,  2, 26,  0,184;
  26, 11, 26,  1, 26,  0,184;
  19, 11, 26,  0, 26,  0,184;
  19, 11, 26,  1, 26,  0,184;
  19, 11,  9,  1, 26,  0,184;
   8, 11,127,  0, 26,  0,184;
  26, 12, 26,  1, 26,  0,184;
  19, 12, 26,  1, 26,  0,184;
  19, 12, 26,  1, 26,  0,184;
  26, 12, 26,  2, 26,  0,184;
  19, 11, 26,  1, 26,  0,184;
  26, 12, 26,  1, 26,  0,184;
  19, 12,  9,  2, 26,  0,184;
  26, 12, 26,  1, 26,  0,184;
  26, 11, 26,  2, 26,  0,184;
  26, 11,  9,  1, 26,  0,184;
  19, 26, 26,  1, 26,  0,184;
  26, 12,127,  0, 26,  0,184;
  26, 11,127,  0, 26,  0,184;
  26, 11,127,  1, 26,  0,184;
  26, 11,127,  0, 26,  0,184;
  26, 11, 26,  0, 26,  0,184;
  26, 11, 26,  1, 26,  0,184;
  19, 11, 26,  1, 26,  0,184;
  19, 12,  9,  2, 26,  0,184;
  19, 12, 26,  2, 26,  0,184;
  19, 12, 26,  2, 26,  0,184;
  19, 11, 26,  2, 26,  0,184;
  19, 12, 26,  1, 26,  0,184;
  26, 12,127,  0, 26,  0,184;
  26, 12,127,  1, 26,  0,184;
  26, 26,127,  0, 26,  0,184;
  26, 26,127,  1, 26,  0,184;
  26, 12, 26,  0, 26,  0,184;
  26, 12,127,  1, 26,  0,184;
  26, 12, 26,  1, 26,  0,184;
  26, 11, 26,  1, 26,  0,184;
  26, 26,127,  1, 26,  0,184;
  26, 13,127,  1, 26,  0,184;
  26, 11,127,  1, 26,  0,184;
  26, 11, 26,  1, 26,  0,184;
  26, 12, 26,  1, 26,  0,184;
  26, 11, 26,  1, 26,  0,184;
  26, 11, 26,  1, 26,  0,184;
  26, 12,  9,  1, 26,  0,184;
  26, 12, 26,  0, 26,  0,184;
  26, 12,  9,  1, 26,  0,184;
  26, 12,127,  1, 26,  0,184;
  26, 26, 26,  1, 26,  0,184;
  26, 12,127,  1, 26,  0,184;
