
%
% Definition of training sample class membership 
% for colorado data set.
%
% $Id: trn_cls.m,v 1.1 1997/09/27 18:57:13 jak Exp $
%

colorado_train_classes = [
1 ;
1 ;
1 ;
1 ;
1 ;
1 ;
1 ;
1 ;
1 ;
1 ;
1 ;
1 ;
1 ;
1 ;
1 ;
1 ;
1 ;
1 ;
1 ;
1 ;
1 ;
1 ;
1 ;
1 ;
1 ;
1 ;
1 ;
1 ;
1 ;
1 ;
1 ;
1 ;
1 ;
1 ;
1 ;
1 ;
1 ;
1 ;
1 ;
1 ;
1 ;
1 ;
1 ;
1 ;
1 ;
1 ;
1 ;
1 ;
1 ;
1 ;
1 ;
1 ;
1 ;
1 ;
1 ;
1 ;
1 ;
1 ;
1 ;
1 ;
1 ;
1 ;
1 ;
1 ;
1 ;
1 ;
1 ;
1 ;
1 ;
1 ;
1 ;
1 ;
1 ;
1 ;
1 ;
1 ;
1 ;
1 ;
1 ;
1 ;
1 ;
1 ;
1 ;
1 ;
1 ;
1 ;
1 ;
1 ;
1 ;
1 ;
1 ;
1 ;
1 ;
1 ;
1 ;
1 ;
1 ;
1 ;
1 ;
1 ;
1 ;
1 ;
1 ;
1 ;
1 ;
1 ;
1 ;
1 ;
1 ;
1 ;
1 ;
1 ;
1 ;
1 ;
1 ;
1 ;
1 ;
1 ;
1 ;
1 ;
1 ;
1 ;
1 ;
1 ;
1 ;
1 ;
1 ;
1 ;
1 ;
1 ;
1 ;
1 ;
1 ;
1 ;
1 ;
1 ;
1 ;
1 ;
1 ;
1 ;
1 ;
1 ;
1 ;
1 ;
1 ;
1 ;
1 ;
1 ;
1 ;
1 ;
1 ;
1 ;
1 ;
1 ;
1 ;
1 ;
1 ;
1 ;
1 ;
1 ;
1 ;
1 ;
1 ;
1 ;
1 ;
1 ;
1 ;
1 ;
1 ;
1 ;
1 ;
1 ;
1 ;
1 ;
1 ;
1 ;
1 ;
1 ;
1 ;
1 ;
1 ;
1 ;
1 ;
1 ;
1 ;
1 ;
1 ;
1 ;
1 ;
1 ;
1 ;
1 ;
1 ;
1 ;
1 ;
1 ;
1 ;
1 ;
1 ;
1 ;
1 ;
1 ;
1 ;
1 ;
1 ;
1 ;
1 ;
1 ;
1 ;
1 ;
1 ;
1 ;
1 ;
1 ;
1 ;
1 ;
1 ;
1 ;
1 ;
1 ;
1 ;
1 ;
1 ;
1 ;
1 ;
1 ;
1 ;
1 ;
1 ;
1 ;
1 ;
1 ;
1 ;
1 ;
1 ;
1 ;
1 ;
1 ;
1 ;
1 ;
1 ;
1 ;
1 ;
1 ;
1 ;
1 ;
1 ;
1 ;
1 ;
1 ;
1 ;
1 ;
1 ;
1 ;
1 ;
1 ;
1 ;
1 ;
1 ;
1 ;
1 ;
1 ;
1 ;
1 ;
1 ;
1 ;
1 ;
1 ;
1 ;
1 ;
1 ;
1 ;
1 ;
1 ;
1 ;
1 ;
1 ;
1 ;
1 ;
1 ;
1 ;
1 ;
1 ;
1 ;
1 ;
1 ;
1 ;
1 ;
1 ;
1 ;
1 ;
1 ;
1 ;
1 ;
1 ;
1 ;
1 ;
1 ;
1 ;
1 ;
1 ;
1 ;
1 ;
1 ;
1 ;
1 ;
1 ;
1 ;
1 ;
1 ;
1 ;
1 ;
1 ;
1 ;
1 ;
1 ;
1 ;
1 ;
1 ;
1 ;
1 ;
1 ;
1 ;
1 ;
1 ;
1 ;
1 ;
1 ;
1 ;
1 ;
1 ;
1 ;
1 ;
1 ;
1 ;
1 ;
1 ;
1 ;
1 ;
1 ;
1 ;
1 ;
1 ;
1 ;
1 ;
1 ;
1 ;
1 ;
1 ;
1 ;
1 ;
1 ;
1 ;
1 ;
1 ;
1 ;
1 ;
1 ;
1 ;
1 ;
1 ;
1 ;
1 ;
1 ;
1 ;
1 ;
1 ;
1 ;
1 ;
1 ;
1 ;
1 ;
1 ;
1 ;
1 ;
1 ;
1 ;
1 ;
1 ;
1 ;
1 ;
1 ;
1 ;
1 ;
1 ;
1 ;
1 ;
1 ;
1 ;
1 ;
1 ;
1 ;
1 ;
1 ;
1 ;
1 ;
1 ;
1 ;
1 ;
1 ;
1 ;
1 ;
1 ;
1 ;
1 ;
1 ;
1 ;
1 ;
2 ;
2 ;
2 ;
2 ;
2 ;
2 ;
2 ;
2 ;
2 ;
2 ;
2 ;
2 ;
2 ;
2 ;
2 ;
2 ;
2 ;
2 ;
2 ;
2 ;
2 ;
2 ;
2 ;
2 ;
2 ;
2 ;
2 ;
2 ;
2 ;
2 ;
2 ;
2 ;
2 ;
2 ;
2 ;
2 ;
2 ;
2 ;
2 ;
2 ;
2 ;
2 ;
2 ;
2 ;
2 ;
2 ;
2 ;
2 ;
2 ;
2 ;
2 ;
2 ;
2 ;
2 ;
2 ;
2 ;
2 ;
2 ;
2 ;
2 ;
2 ;
2 ;
2 ;
2 ;
2 ;
2 ;
2 ;
2 ;
2 ;
2 ;
2 ;
2 ;
2 ;
2 ;
2 ;
2 ;
2 ;
2 ;
2 ;
2 ;
2 ;
2 ;
2 ;
2 ;
2 ;
2 ;
2 ;
2 ;
3 ;
3 ;
3 ;
3 ;
3 ;
3 ;
3 ;
3 ;
3 ;
3 ;
3 ;
3 ;
3 ;
3 ;
3 ;
3 ;
3 ;
3 ;
3 ;
3 ;
3 ;
3 ;
3 ;
3 ;
3 ;
3 ;
3 ;
3 ;
3 ;
3 ;
3 ;
3 ;
3 ;
3 ;
3 ;
3 ;
3 ;
3 ;
3 ;
3 ;
3 ;
3 ;
3 ;
3 ;
3 ;
4 ;
4 ;
4 ;
4 ;
4 ;
4 ;
4 ;
4 ;
4 ;
4 ;
4 ;
4 ;
4 ;
4 ;
4 ;
4 ;
4 ;
4 ;
4 ;
4 ;
4 ;
4 ;
4 ;
4 ;
4 ;
4 ;
4 ;
4 ;
4 ;
4 ;
4 ;
4 ;
4 ;
4 ;
4 ;
4 ;
4 ;
4 ;
4 ;
4 ;
4 ;
4 ;
4 ;
4 ;
4 ;
4 ;
4 ;
4 ;
4 ;
4 ;
4 ;
4 ;
4 ;
4 ;
4 ;
4 ;
4 ;
4 ;
4 ;
4 ;
4 ;
4 ;
4 ;
4 ;
4 ;
4 ;
4 ;
4 ;
4 ;
4 ;
4 ;
4 ;
4 ;
4 ;
4 ;
5 ;
5 ;
5 ;
5 ;
5 ;
5 ;
5 ;
5 ;
5 ;
5 ;
5 ;
5 ;
5 ;
5 ;
5 ;
5 ;
5 ;
5 ;
5 ;
5 ;
5 ;
5 ;
5 ;
5 ;
5 ;
5 ;
5 ;
5 ;
5 ;
5 ;
5 ;
5 ;
5 ;
5 ;
5 ;
5 ;
5 ;
5 ;
5 ;
5 ;
5 ;
5 ;
5 ;
5 ;
5 ;
5 ;
5 ;
5 ;
5 ;
5 ;
5 ;
5 ;
5 ;
5 ;
5 ;
5 ;
5 ;
5 ;
5 ;
5 ;
5 ;
5 ;
5 ;
5 ;
5 ;
5 ;
5 ;
5 ;
5 ;
5 ;
5 ;
5 ;
5 ;
5 ;
5 ;
5 ;
5 ;
5 ;
5 ;
5 ;
5 ;
5 ;
5 ;
5 ;
5 ;
5 ;
5 ;
5 ;
5 ;
5 ;
5 ;
5 ;
5 ;
5 ;
5 ;
5 ;
5 ;
5 ;
5 ;
5 ;
5 ;
5 ;
5 ;
5 ;
5 ;
6 ;
6 ;
6 ;
6 ;
6 ;
6 ;
6 ;
6 ;
6 ;
6 ;
6 ;
6 ;
6 ;
6 ;
6 ;
6 ;
6 ;
6 ;
6 ;
6 ;
6 ;
6 ;
6 ;
6 ;
6 ;
6 ;
6 ;
6 ;
6 ;
6 ;
6 ;
6 ;
6 ;
6 ;
6 ;
6 ;
6 ;
6 ;
6 ;
6 ;
6 ;
6 ;
6 ;
6 ;
6 ;
6 ;
6 ;
6 ;
6 ;
6 ;
6 ;
6 ;
6 ;
6 ;
6 ;
6 ;
6 ;
6 ;
6 ;
6 ;
6 ;
6 ;
6 ;
6 ;
6 ;
6 ;
6 ;
6 ;
6 ;
6 ;
6 ;
6 ;
6 ;
6 ;
6 ;
6 ;
6 ;
6 ;
6 ;
6 ;
6 ;
6 ;
6 ;
6 ;
6 ;
6 ;
6 ;
6 ;
6 ;
6 ;
6 ;
6 ;
6 ;
6 ;
6 ;
6 ;
6 ;
6 ;
6 ;
6 ;
6 ;
6 ;
6 ;
6 ;
6 ;
6 ;
6 ;
6 ;
6 ;
6 ;
6 ;
6 ;
6 ;
6 ;
6 ;
6 ;
6 ;
6 ;
6 ;
6 ;
6 ;
6 ;
6 ;
6 ;
6 ;
6 ;
7 ;
7 ;
7 ;
7 ;
7 ;
7 ;
7 ;
7 ;
7 ;
7 ;
7 ;
7 ;
7 ;
7 ;
7 ;
7 ;
7 ;
7 ;
7 ;
7 ;
7 ;
7 ;
7 ;
7 ;
7 ;
7 ;
7 ;
7 ;
7 ;
7 ;
7 ;
7 ;
7 ;
7 ;
7 ;
7 ;
7 ;
7 ;
7 ;
7 ;
7 ;
7 ;
7 ;
7 ;
7 ;
7 ;
7 ;
7 ;
7 ;
7 ;
7 ;
7 ;
7 ;
7 ;
7 ;
7 ;
7 ;
7 ;
7 ;
7 ;
7 ;
7 ;
7 ;
7 ;
7 ;
7 ;
7 ;
7 ;
7 ;
7 ;
7 ;
7 ;
7 ;
7 ;
7 ;
7 ;
7 ;
7 ;
7 ;
7 ;
7 ;
7 ;
7 ;
7 ;
7 ;
7 ;
7 ;
7 ;
7 ;
7 ;
7 ;
7 ;
7 ;
7 ;
7 ;
7 ;
7 ;
7 ;
7 ;
7 ;
7 ;
7 ;
7 ;
7 ;
7 ;
7 ;
7 ;
7 ;
7 ;
7 ;
7 ;
7 ;
7 ;
7 ;
7 ;
7 ;
7 ;
7 ;
7 ;
7 ;
7 ;
7 ;
7 ;
7 ;
7 ;
7 ;
7 ;
7 ;
7 ;
7 ;
7 ;
7 ;
7 ;
7 ;
7 ;
7 ;
7 ;
7 ;
7 ;
7 ;
7 ;
7 ;
7 ;
7 ;
7 ;
7 ;
7 ;
7 ;
7 ;
7 ;
7 ;
7 ;
7 ;
7 ;
7 ;
7 ;
7 ;
7 ;
7 ;
7 ;
7 ;
7 ;
7 ;
7 ;
7 ;
7 ;
7 ;
7 ;
7 ;
7 ;
7 ;
7 ;
7 ;
7 ;
7 ;
7 ;
7 ;
7 ;
7 ;
7 ;
7 ;
7 ;
7 ;
7 ;
7 ;
7 ;
7 ;
7 ;
7 ;
7 ;
7 ;
7 ;
7 ;
7 ;
7 ;
7 ;
7 ;
7 ;
7 ;
7 ;
7 ;
7 ;
7 ;
7 ;
7 ;
7 ;
7 ;
7 ;
7 ;
7 ;
7 ;
7 ;
7 ;
7 ;
7 ;
7 ;
7 ;
7 ;
7 ;
7 ;
7 ;
7 ;
7 ;
7 ;
8 ;
8 ;
8 ;
8 ;
8 ;
8 ;
8 ;
8 ;
8 ;
8 ;
8 ;
8 ;
8 ;
8 ;
8 ;
8 ;
8 ;
8 ;
8 ;
8 ;
8 ;
8 ;
8 ;
8 ;
8 ;
8 ;
8 ;
8 ;
8 ;
8 ;
8 ;
8 ;
9 ;
9 ;
9 ;
9 ;
9 ;
9 ;
9 ;
9 ;
9 ;
9 ;
9 ;
9 ;
9 ;
9 ;
9 ;
9 ;
9 ;
9 ;
9 ;
9 ;
9 ;
9 ;
9 ;
9 ;
9 ;
10 ;
10 ;
10 ;
10 ;
10 ;
10 ;
10 ;
10 ;
10 ;
10 ;
10 ;
10 ;
10 ;
10 ;
10 ;
10 ;
10 ;
10 ;
10 ;
10 ;
10 ;
10 ;
10 ;
10 ;
10 ;
10 ;
10 ;
10 ;
10 ;
10 ;
10 ;
10 ;
10 ;
10 ;
10 ;
10 ;
10 ;
10 ;
10 ;
10 ;
10 ;
10 ;
10 ;
10 ;
10 ;
10 ;
10 ;
10 ;
10 ;
10 ;
10 ;
10 ;
10 ;
10 ;
10 ;
10 ;
10 ;
10 ;
10 ;
10 
];

% --------------------------------
% History:
% $Log: trn_cls.m,v $
% Revision 1.1  1997/09/27 18:57:13  jak
% Initial revision
%
%
